{
 "cells": [
  {
   "cell_type": "markdown",
   "metadata": {},
   "source": [
    "# Clustering\n",
    "A supervised algorithm is an algorithm that depends on historical data to give an answer based on known data. The supervised algorithms use this known value from the past to train the model to train its data and build a model that is capable of predicting a value of a Data set variable in the future, on the other hand, an unsupervised algorithm has the luxury of dispensing with restrictions; instead, all dataset variables are used as predictors to build a model without the need for prior data. It categorizes the entries of the data set into clusters, into groups, into segments, where the entries that belong to the same cluster are similar to each other, have some characteristics in common or can be defined in some way from those outside the cluster. That is, between clusters we have elements that are the same, different clustering does not have to be similar, then the properties of said cluster are identified and treated separately, so that, once one has the clusters defined one can define the properties inherent characteristics that characterize each of them and define a separate plan or strategy for each cluster (used to carry out strategies or plan marketing campaigns)"
   ]
  },
  {
   "cell_type": "markdown",
   "metadata": {},
   "source": [
    "# Distances"
   ]
  },
  {
   "cell_type": "code",
   "execution_count": 212,
   "metadata": {},
   "outputs": [],
   "source": [
    "from scipy.spatial import distance_matrix\n",
    "import pandas as pd"
   ]
  },
  {
   "cell_type": "code",
   "execution_count": 245,
   "metadata": {},
   "outputs": [
    {
     "data": {
      "text/html": [
       "<div>\n",
       "<style scoped>\n",
       "    .dataframe tbody tr th:only-of-type {\n",
       "        vertical-align: middle;\n",
       "    }\n",
       "\n",
       "    .dataframe tbody tr th {\n",
       "        vertical-align: top;\n",
       "    }\n",
       "\n",
       "    .dataframe thead th {\n",
       "        text-align: right;\n",
       "    }\n",
       "</style>\n",
       "<table border=\"1\" class=\"dataframe\">\n",
       "  <thead>\n",
       "    <tr style=\"text-align: right;\">\n",
       "      <th></th>\n",
       "      <th>user_id</th>\n",
       "      <th>star_wars</th>\n",
       "      <th>lord_of_the_rings</th>\n",
       "      <th>harry_potter</th>\n",
       "    </tr>\n",
       "  </thead>\n",
       "  <tbody>\n",
       "    <tr>\n",
       "      <th>0</th>\n",
       "      <td>1</td>\n",
       "      <td>1.2</td>\n",
       "      <td>4.9</td>\n",
       "      <td>2.1</td>\n",
       "    </tr>\n",
       "    <tr>\n",
       "      <th>1</th>\n",
       "      <td>2</td>\n",
       "      <td>2.1</td>\n",
       "      <td>8.1</td>\n",
       "      <td>7.9</td>\n",
       "    </tr>\n",
       "    <tr>\n",
       "      <th>2</th>\n",
       "      <td>3</td>\n",
       "      <td>7.4</td>\n",
       "      <td>3.0</td>\n",
       "      <td>9.9</td>\n",
       "    </tr>\n",
       "    <tr>\n",
       "      <th>3</th>\n",
       "      <td>4</td>\n",
       "      <td>5.6</td>\n",
       "      <td>0.5</td>\n",
       "      <td>1.8</td>\n",
       "    </tr>\n",
       "    <tr>\n",
       "      <th>4</th>\n",
       "      <td>5</td>\n",
       "      <td>1.5</td>\n",
       "      <td>8.3</td>\n",
       "      <td>2.6</td>\n",
       "    </tr>\n",
       "    <tr>\n",
       "      <th>5</th>\n",
       "      <td>6</td>\n",
       "      <td>2.5</td>\n",
       "      <td>3.7</td>\n",
       "      <td>6.5</td>\n",
       "    </tr>\n",
       "    <tr>\n",
       "      <th>6</th>\n",
       "      <td>7</td>\n",
       "      <td>2.0</td>\n",
       "      <td>8.2</td>\n",
       "      <td>8.5</td>\n",
       "    </tr>\n",
       "    <tr>\n",
       "      <th>7</th>\n",
       "      <td>8</td>\n",
       "      <td>1.8</td>\n",
       "      <td>9.3</td>\n",
       "      <td>4.5</td>\n",
       "    </tr>\n",
       "    <tr>\n",
       "      <th>8</th>\n",
       "      <td>9</td>\n",
       "      <td>2.6</td>\n",
       "      <td>1.7</td>\n",
       "      <td>3.1</td>\n",
       "    </tr>\n",
       "    <tr>\n",
       "      <th>9</th>\n",
       "      <td>10</td>\n",
       "      <td>1.5</td>\n",
       "      <td>4.7</td>\n",
       "      <td>2.3</td>\n",
       "    </tr>\n",
       "  </tbody>\n",
       "</table>\n",
       "</div>"
      ],
      "text/plain": [
       "   user_id  star_wars  lord_of_the_rings  harry_potter\n",
       "0        1        1.2                4.9           2.1\n",
       "1        2        2.1                8.1           7.9\n",
       "2        3        7.4                3.0           9.9\n",
       "3        4        5.6                0.5           1.8\n",
       "4        5        1.5                8.3           2.6\n",
       "5        6        2.5                3.7           6.5\n",
       "6        7        2.0                8.2           8.5\n",
       "7        8        1.8                9.3           4.5\n",
       "8        9        2.6                1.7           3.1\n",
       "9       10        1.5                4.7           2.3"
      ]
     },
     "execution_count": 245,
     "metadata": {},
     "output_type": "execute_result"
    }
   ],
   "source": [
    "data = pd.read_csv(\"../datasets/movies/movies.csv\", sep = \";\")\n",
    "data"
   ]
  },
  {
   "cell_type": "code",
   "execution_count": 214,
   "metadata": {},
   "outputs": [
    {
     "data": {
      "text/plain": [
       "['star_wars', 'lord_of_the_rings', 'harry_potter']"
      ]
     },
     "execution_count": 214,
     "metadata": {},
     "output_type": "execute_result"
    }
   ],
   "source": [
    "movies = data.columns.values.tolist()[1:]\n",
    "movies"
   ]
  },
  {
   "cell_type": "code",
   "execution_count": 215,
   "metadata": {},
   "outputs": [],
   "source": [
    "dd1 = distance_matrix(data[movies], data[movies], p = 1)\n",
    "dd2 = distance_matrix(data[movies], data[movies], p = 2)\n",
    "dd10 = distance_matrix(data[movies], data[movies], p = 10)"
   ]
  },
  {
   "cell_type": "code",
   "execution_count": 216,
   "metadata": {},
   "outputs": [],
   "source": [
    "def dm2df(dd, col_name):\n",
    "    import pandas as pd\n",
    "    return pd.DataFrame(dd, index = col_name, columns=col_name)"
   ]
  },
  {
   "cell_type": "code",
   "execution_count": 217,
   "metadata": {},
   "outputs": [
    {
     "data": {
      "text/html": [
       "<div>\n",
       "<style scoped>\n",
       "    .dataframe tbody tr th:only-of-type {\n",
       "        vertical-align: middle;\n",
       "    }\n",
       "\n",
       "    .dataframe tbody tr th {\n",
       "        vertical-align: top;\n",
       "    }\n",
       "\n",
       "    .dataframe thead th {\n",
       "        text-align: right;\n",
       "    }\n",
       "</style>\n",
       "<table border=\"1\" class=\"dataframe\">\n",
       "  <thead>\n",
       "    <tr style=\"text-align: right;\">\n",
       "      <th>user_id</th>\n",
       "      <th>1</th>\n",
       "      <th>2</th>\n",
       "      <th>3</th>\n",
       "      <th>4</th>\n",
       "      <th>5</th>\n",
       "      <th>6</th>\n",
       "      <th>7</th>\n",
       "      <th>8</th>\n",
       "      <th>9</th>\n",
       "      <th>10</th>\n",
       "    </tr>\n",
       "    <tr>\n",
       "      <th>user_id</th>\n",
       "      <th></th>\n",
       "      <th></th>\n",
       "      <th></th>\n",
       "      <th></th>\n",
       "      <th></th>\n",
       "      <th></th>\n",
       "      <th></th>\n",
       "      <th></th>\n",
       "      <th></th>\n",
       "      <th></th>\n",
       "    </tr>\n",
       "  </thead>\n",
       "  <tbody>\n",
       "    <tr>\n",
       "      <th>1</th>\n",
       "      <td>0.0</td>\n",
       "      <td>9.9</td>\n",
       "      <td>15.9</td>\n",
       "      <td>9.1</td>\n",
       "      <td>4.2</td>\n",
       "      <td>6.9</td>\n",
       "      <td>10.5</td>\n",
       "      <td>7.4</td>\n",
       "      <td>5.6</td>\n",
       "      <td>0.7</td>\n",
       "    </tr>\n",
       "    <tr>\n",
       "      <th>2</th>\n",
       "      <td>9.9</td>\n",
       "      <td>0.0</td>\n",
       "      <td>12.4</td>\n",
       "      <td>17.2</td>\n",
       "      <td>6.1</td>\n",
       "      <td>6.2</td>\n",
       "      <td>0.8</td>\n",
       "      <td>4.9</td>\n",
       "      <td>11.7</td>\n",
       "      <td>9.6</td>\n",
       "    </tr>\n",
       "    <tr>\n",
       "      <th>3</th>\n",
       "      <td>15.9</td>\n",
       "      <td>12.4</td>\n",
       "      <td>0.0</td>\n",
       "      <td>12.4</td>\n",
       "      <td>18.5</td>\n",
       "      <td>9.0</td>\n",
       "      <td>12.0</td>\n",
       "      <td>17.3</td>\n",
       "      <td>12.9</td>\n",
       "      <td>15.2</td>\n",
       "    </tr>\n",
       "    <tr>\n",
       "      <th>4</th>\n",
       "      <td>9.1</td>\n",
       "      <td>17.2</td>\n",
       "      <td>12.4</td>\n",
       "      <td>0.0</td>\n",
       "      <td>12.7</td>\n",
       "      <td>11.0</td>\n",
       "      <td>18.0</td>\n",
       "      <td>15.3</td>\n",
       "      <td>5.5</td>\n",
       "      <td>8.8</td>\n",
       "    </tr>\n",
       "    <tr>\n",
       "      <th>5</th>\n",
       "      <td>4.2</td>\n",
       "      <td>6.1</td>\n",
       "      <td>18.5</td>\n",
       "      <td>12.7</td>\n",
       "      <td>0.0</td>\n",
       "      <td>9.5</td>\n",
       "      <td>6.5</td>\n",
       "      <td>3.2</td>\n",
       "      <td>8.2</td>\n",
       "      <td>3.9</td>\n",
       "    </tr>\n",
       "    <tr>\n",
       "      <th>6</th>\n",
       "      <td>6.9</td>\n",
       "      <td>6.2</td>\n",
       "      <td>9.0</td>\n",
       "      <td>11.0</td>\n",
       "      <td>9.5</td>\n",
       "      <td>0.0</td>\n",
       "      <td>7.0</td>\n",
       "      <td>8.3</td>\n",
       "      <td>5.5</td>\n",
       "      <td>6.2</td>\n",
       "    </tr>\n",
       "    <tr>\n",
       "      <th>7</th>\n",
       "      <td>10.5</td>\n",
       "      <td>0.8</td>\n",
       "      <td>12.0</td>\n",
       "      <td>18.0</td>\n",
       "      <td>6.5</td>\n",
       "      <td>7.0</td>\n",
       "      <td>0.0</td>\n",
       "      <td>5.3</td>\n",
       "      <td>12.5</td>\n",
       "      <td>10.2</td>\n",
       "    </tr>\n",
       "    <tr>\n",
       "      <th>8</th>\n",
       "      <td>7.4</td>\n",
       "      <td>4.9</td>\n",
       "      <td>17.3</td>\n",
       "      <td>15.3</td>\n",
       "      <td>3.2</td>\n",
       "      <td>8.3</td>\n",
       "      <td>5.3</td>\n",
       "      <td>0.0</td>\n",
       "      <td>9.8</td>\n",
       "      <td>7.1</td>\n",
       "    </tr>\n",
       "    <tr>\n",
       "      <th>9</th>\n",
       "      <td>5.6</td>\n",
       "      <td>11.7</td>\n",
       "      <td>12.9</td>\n",
       "      <td>5.5</td>\n",
       "      <td>8.2</td>\n",
       "      <td>5.5</td>\n",
       "      <td>12.5</td>\n",
       "      <td>9.8</td>\n",
       "      <td>0.0</td>\n",
       "      <td>4.9</td>\n",
       "    </tr>\n",
       "    <tr>\n",
       "      <th>10</th>\n",
       "      <td>0.7</td>\n",
       "      <td>9.6</td>\n",
       "      <td>15.2</td>\n",
       "      <td>8.8</td>\n",
       "      <td>3.9</td>\n",
       "      <td>6.2</td>\n",
       "      <td>10.2</td>\n",
       "      <td>7.1</td>\n",
       "      <td>4.9</td>\n",
       "      <td>0.0</td>\n",
       "    </tr>\n",
       "  </tbody>\n",
       "</table>\n",
       "</div>"
      ],
      "text/plain": [
       "user_id    1     2     3     4     5     6     7     8     9     10\n",
       "user_id                                                            \n",
       "1         0.0   9.9  15.9   9.1   4.2   6.9  10.5   7.4   5.6   0.7\n",
       "2         9.9   0.0  12.4  17.2   6.1   6.2   0.8   4.9  11.7   9.6\n",
       "3        15.9  12.4   0.0  12.4  18.5   9.0  12.0  17.3  12.9  15.2\n",
       "4         9.1  17.2  12.4   0.0  12.7  11.0  18.0  15.3   5.5   8.8\n",
       "5         4.2   6.1  18.5  12.7   0.0   9.5   6.5   3.2   8.2   3.9\n",
       "6         6.9   6.2   9.0  11.0   9.5   0.0   7.0   8.3   5.5   6.2\n",
       "7        10.5   0.8  12.0  18.0   6.5   7.0   0.0   5.3  12.5  10.2\n",
       "8         7.4   4.9  17.3  15.3   3.2   8.3   5.3   0.0   9.8   7.1\n",
       "9         5.6  11.7  12.9   5.5   8.2   5.5  12.5   9.8   0.0   4.9\n",
       "10        0.7   9.6  15.2   8.8   3.9   6.2  10.2   7.1   4.9   0.0"
      ]
     },
     "execution_count": 217,
     "metadata": {},
     "output_type": "execute_result"
    }
   ],
   "source": [
    "dm2df(dd1, data[\"user_id\"])"
   ]
  },
  {
   "cell_type": "markdown",
   "metadata": {},
   "source": [
    "User 1 and 10 are separated by 0.7 points, 2 and 7 by 0.8 points. User 3 has very large values compared to the others."
   ]
  },
  {
   "cell_type": "code",
   "execution_count": 218,
   "metadata": {},
   "outputs": [
    {
     "data": {
      "text/html": [
       "<div>\n",
       "<style scoped>\n",
       "    .dataframe tbody tr th:only-of-type {\n",
       "        vertical-align: middle;\n",
       "    }\n",
       "\n",
       "    .dataframe tbody tr th {\n",
       "        vertical-align: top;\n",
       "    }\n",
       "\n",
       "    .dataframe thead th {\n",
       "        text-align: right;\n",
       "    }\n",
       "</style>\n",
       "<table border=\"1\" class=\"dataframe\">\n",
       "  <thead>\n",
       "    <tr style=\"text-align: right;\">\n",
       "      <th>user_id</th>\n",
       "      <th>1</th>\n",
       "      <th>2</th>\n",
       "      <th>3</th>\n",
       "      <th>4</th>\n",
       "      <th>5</th>\n",
       "      <th>6</th>\n",
       "      <th>7</th>\n",
       "      <th>8</th>\n",
       "      <th>9</th>\n",
       "      <th>10</th>\n",
       "    </tr>\n",
       "    <tr>\n",
       "      <th>user_id</th>\n",
       "      <th></th>\n",
       "      <th></th>\n",
       "      <th></th>\n",
       "      <th></th>\n",
       "      <th></th>\n",
       "      <th></th>\n",
       "      <th></th>\n",
       "      <th></th>\n",
       "      <th></th>\n",
       "      <th></th>\n",
       "    </tr>\n",
       "  </thead>\n",
       "  <tbody>\n",
       "    <tr>\n",
       "      <th>1</th>\n",
       "      <td>0.000000</td>\n",
       "      <td>6.685058</td>\n",
       "      <td>10.143471</td>\n",
       "      <td>6.229767</td>\n",
       "      <td>3.449638</td>\n",
       "      <td>4.742362</td>\n",
       "      <td>7.244998</td>\n",
       "      <td>5.047772</td>\n",
       "      <td>3.633180</td>\n",
       "      <td>0.412311</td>\n",
       "    </tr>\n",
       "    <tr>\n",
       "      <th>2</th>\n",
       "      <td>6.685058</td>\n",
       "      <td>0.000000</td>\n",
       "      <td>7.622336</td>\n",
       "      <td>10.354709</td>\n",
       "      <td>5.337602</td>\n",
       "      <td>4.634652</td>\n",
       "      <td>0.616441</td>\n",
       "      <td>3.618011</td>\n",
       "      <td>8.015610</td>\n",
       "      <td>6.578754</td>\n",
       "    </tr>\n",
       "    <tr>\n",
       "      <th>3</th>\n",
       "      <td>10.143471</td>\n",
       "      <td>7.622336</td>\n",
       "      <td>0.000000</td>\n",
       "      <td>8.666026</td>\n",
       "      <td>10.779147</td>\n",
       "      <td>6.004998</td>\n",
       "      <td>7.626270</td>\n",
       "      <td>10.010494</td>\n",
       "      <td>8.424369</td>\n",
       "      <td>9.770363</td>\n",
       "    </tr>\n",
       "    <tr>\n",
       "      <th>4</th>\n",
       "      <td>6.229767</td>\n",
       "      <td>10.354709</td>\n",
       "      <td>8.666026</td>\n",
       "      <td>0.000000</td>\n",
       "      <td>8.848164</td>\n",
       "      <td>6.476110</td>\n",
       "      <td>10.823123</td>\n",
       "      <td>9.958414</td>\n",
       "      <td>3.482815</td>\n",
       "      <td>5.890671</td>\n",
       "    </tr>\n",
       "    <tr>\n",
       "      <th>5</th>\n",
       "      <td>3.449638</td>\n",
       "      <td>5.337602</td>\n",
       "      <td>10.779147</td>\n",
       "      <td>8.848164</td>\n",
       "      <td>0.000000</td>\n",
       "      <td>6.113101</td>\n",
       "      <td>5.921993</td>\n",
       "      <td>2.167948</td>\n",
       "      <td>6.709694</td>\n",
       "      <td>3.612478</td>\n",
       "    </tr>\n",
       "    <tr>\n",
       "      <th>6</th>\n",
       "      <td>4.742362</td>\n",
       "      <td>4.634652</td>\n",
       "      <td>6.004998</td>\n",
       "      <td>6.476110</td>\n",
       "      <td>6.113101</td>\n",
       "      <td>0.000000</td>\n",
       "      <td>4.949747</td>\n",
       "      <td>5.987487</td>\n",
       "      <td>3.945884</td>\n",
       "      <td>4.431704</td>\n",
       "    </tr>\n",
       "    <tr>\n",
       "      <th>7</th>\n",
       "      <td>7.244998</td>\n",
       "      <td>0.616441</td>\n",
       "      <td>7.626270</td>\n",
       "      <td>10.823123</td>\n",
       "      <td>5.921993</td>\n",
       "      <td>4.949747</td>\n",
       "      <td>0.000000</td>\n",
       "      <td>4.153312</td>\n",
       "      <td>8.471718</td>\n",
       "      <td>7.137226</td>\n",
       "    </tr>\n",
       "    <tr>\n",
       "      <th>8</th>\n",
       "      <td>5.047772</td>\n",
       "      <td>3.618011</td>\n",
       "      <td>10.010494</td>\n",
       "      <td>9.958414</td>\n",
       "      <td>2.167948</td>\n",
       "      <td>5.987487</td>\n",
       "      <td>4.153312</td>\n",
       "      <td>0.000000</td>\n",
       "      <td>7.769170</td>\n",
       "      <td>5.107837</td>\n",
       "    </tr>\n",
       "    <tr>\n",
       "      <th>9</th>\n",
       "      <td>3.633180</td>\n",
       "      <td>8.015610</td>\n",
       "      <td>8.424369</td>\n",
       "      <td>3.482815</td>\n",
       "      <td>6.709694</td>\n",
       "      <td>3.945884</td>\n",
       "      <td>8.471718</td>\n",
       "      <td>7.769170</td>\n",
       "      <td>0.000000</td>\n",
       "      <td>3.293934</td>\n",
       "    </tr>\n",
       "    <tr>\n",
       "      <th>10</th>\n",
       "      <td>0.412311</td>\n",
       "      <td>6.578754</td>\n",
       "      <td>9.770363</td>\n",
       "      <td>5.890671</td>\n",
       "      <td>3.612478</td>\n",
       "      <td>4.431704</td>\n",
       "      <td>7.137226</td>\n",
       "      <td>5.107837</td>\n",
       "      <td>3.293934</td>\n",
       "      <td>0.000000</td>\n",
       "    </tr>\n",
       "  </tbody>\n",
       "</table>\n",
       "</div>"
      ],
      "text/plain": [
       "user_id         1          2          3          4          5         6   \\\n",
       "user_id                                                                    \n",
       "1         0.000000   6.685058  10.143471   6.229767   3.449638  4.742362   \n",
       "2         6.685058   0.000000   7.622336  10.354709   5.337602  4.634652   \n",
       "3        10.143471   7.622336   0.000000   8.666026  10.779147  6.004998   \n",
       "4         6.229767  10.354709   8.666026   0.000000   8.848164  6.476110   \n",
       "5         3.449638   5.337602  10.779147   8.848164   0.000000  6.113101   \n",
       "6         4.742362   4.634652   6.004998   6.476110   6.113101  0.000000   \n",
       "7         7.244998   0.616441   7.626270  10.823123   5.921993  4.949747   \n",
       "8         5.047772   3.618011  10.010494   9.958414   2.167948  5.987487   \n",
       "9         3.633180   8.015610   8.424369   3.482815   6.709694  3.945884   \n",
       "10        0.412311   6.578754   9.770363   5.890671   3.612478  4.431704   \n",
       "\n",
       "user_id         7          8         9         10  \n",
       "user_id                                            \n",
       "1         7.244998   5.047772  3.633180  0.412311  \n",
       "2         0.616441   3.618011  8.015610  6.578754  \n",
       "3         7.626270  10.010494  8.424369  9.770363  \n",
       "4        10.823123   9.958414  3.482815  5.890671  \n",
       "5         5.921993   2.167948  6.709694  3.612478  \n",
       "6         4.949747   5.987487  3.945884  4.431704  \n",
       "7         0.000000   4.153312  8.471718  7.137226  \n",
       "8         4.153312   0.000000  7.769170  5.107837  \n",
       "9         8.471718   7.769170  0.000000  3.293934  \n",
       "10        7.137226   5.107837  3.293934  0.000000  "
      ]
     },
     "execution_count": 218,
     "metadata": {},
     "output_type": "execute_result"
    }
   ],
   "source": [
    "dm2df(dd2, data[\"user_id\"])"
   ]
  },
  {
   "cell_type": "code",
   "execution_count": 219,
   "metadata": {},
   "outputs": [
    {
     "data": {
      "text/html": [
       "<div>\n",
       "<style scoped>\n",
       "    .dataframe tbody tr th:only-of-type {\n",
       "        vertical-align: middle;\n",
       "    }\n",
       "\n",
       "    .dataframe tbody tr th {\n",
       "        vertical-align: top;\n",
       "    }\n",
       "\n",
       "    .dataframe thead th {\n",
       "        text-align: right;\n",
       "    }\n",
       "</style>\n",
       "<table border=\"1\" class=\"dataframe\">\n",
       "  <thead>\n",
       "    <tr style=\"text-align: right;\">\n",
       "      <th>user_id</th>\n",
       "      <th>1</th>\n",
       "      <th>2</th>\n",
       "      <th>3</th>\n",
       "      <th>4</th>\n",
       "      <th>5</th>\n",
       "      <th>6</th>\n",
       "      <th>7</th>\n",
       "      <th>8</th>\n",
       "      <th>9</th>\n",
       "      <th>10</th>\n",
       "    </tr>\n",
       "    <tr>\n",
       "      <th>user_id</th>\n",
       "      <th></th>\n",
       "      <th></th>\n",
       "      <th></th>\n",
       "      <th></th>\n",
       "      <th></th>\n",
       "      <th></th>\n",
       "      <th></th>\n",
       "      <th></th>\n",
       "      <th></th>\n",
       "      <th></th>\n",
       "    </tr>\n",
       "  </thead>\n",
       "  <tbody>\n",
       "    <tr>\n",
       "      <th>1</th>\n",
       "      <td>0.000000</td>\n",
       "      <td>5.801514</td>\n",
       "      <td>7.875189</td>\n",
       "      <td>4.715803</td>\n",
       "      <td>3.400000</td>\n",
       "      <td>4.400003</td>\n",
       "      <td>6.400850</td>\n",
       "      <td>4.401025</td>\n",
       "      <td>3.200085</td>\n",
       "      <td>0.301025</td>\n",
       "    </tr>\n",
       "    <tr>\n",
       "      <th>2</th>\n",
       "      <td>5.801514</td>\n",
       "      <td>0.000000</td>\n",
       "      <td>5.582463</td>\n",
       "      <td>7.680689</td>\n",
       "      <td>5.300000</td>\n",
       "      <td>4.400005</td>\n",
       "      <td>0.600000</td>\n",
       "      <td>3.400010</td>\n",
       "      <td>6.435159</td>\n",
       "      <td>5.603800</td>\n",
       "    </tr>\n",
       "    <tr>\n",
       "      <th>3</th>\n",
       "      <td>7.875189</td>\n",
       "      <td>5.582463</td>\n",
       "      <td>0.000000</td>\n",
       "      <td>8.100007</td>\n",
       "      <td>7.408914</td>\n",
       "      <td>4.912532</td>\n",
       "      <td>5.689450</td>\n",
       "      <td>6.570254</td>\n",
       "      <td>6.820602</td>\n",
       "      <td>7.658364</td>\n",
       "    </tr>\n",
       "    <tr>\n",
       "      <th>4</th>\n",
       "      <td>4.715803</td>\n",
       "      <td>7.680689</td>\n",
       "      <td>8.100007</td>\n",
       "      <td>0.000000</td>\n",
       "      <td>7.801255</td>\n",
       "      <td>4.717102</td>\n",
       "      <td>7.873307</td>\n",
       "      <td>8.800205</td>\n",
       "      <td>3.000101</td>\n",
       "      <td>4.450759</td>\n",
       "    </tr>\n",
       "    <tr>\n",
       "      <th>5</th>\n",
       "      <td>3.400000</td>\n",
       "      <td>5.300000</td>\n",
       "      <td>7.408914</td>\n",
       "      <td>7.801255</td>\n",
       "      <td>0.000000</td>\n",
       "      <td>4.681464</td>\n",
       "      <td>5.900000</td>\n",
       "      <td>1.900310</td>\n",
       "      <td>6.600000</td>\n",
       "      <td>3.600000</td>\n",
       "    </tr>\n",
       "    <tr>\n",
       "      <th>6</th>\n",
       "      <td>4.400003</td>\n",
       "      <td>4.400005</td>\n",
       "      <td>4.912532</td>\n",
       "      <td>4.717102</td>\n",
       "      <td>4.681464</td>\n",
       "      <td>0.000000</td>\n",
       "      <td>4.500135</td>\n",
       "      <td>5.600019</td>\n",
       "      <td>3.401683</td>\n",
       "      <td>4.200000</td>\n",
       "    </tr>\n",
       "    <tr>\n",
       "      <th>7</th>\n",
       "      <td>6.400850</td>\n",
       "      <td>0.600000</td>\n",
       "      <td>5.689450</td>\n",
       "      <td>7.873307</td>\n",
       "      <td>5.900000</td>\n",
       "      <td>4.500135</td>\n",
       "      <td>0.000000</td>\n",
       "      <td>4.000001</td>\n",
       "      <td>6.595259</td>\n",
       "      <td>6.202035</td>\n",
       "    </tr>\n",
       "    <tr>\n",
       "      <th>8</th>\n",
       "      <td>4.401025</td>\n",
       "      <td>3.400010</td>\n",
       "      <td>6.570254</td>\n",
       "      <td>8.800205</td>\n",
       "      <td>1.900310</td>\n",
       "      <td>5.600019</td>\n",
       "      <td>4.000001</td>\n",
       "      <td>0.000000</td>\n",
       "      <td>7.600000</td>\n",
       "      <td>4.600288</td>\n",
       "    </tr>\n",
       "    <tr>\n",
       "      <th>9</th>\n",
       "      <td>3.200085</td>\n",
       "      <td>6.435159</td>\n",
       "      <td>6.820602</td>\n",
       "      <td>3.000101</td>\n",
       "      <td>6.600000</td>\n",
       "      <td>3.401683</td>\n",
       "      <td>6.595259</td>\n",
       "      <td>7.600000</td>\n",
       "      <td>0.000000</td>\n",
       "      <td>3.000014</td>\n",
       "    </tr>\n",
       "    <tr>\n",
       "      <th>10</th>\n",
       "      <td>0.301025</td>\n",
       "      <td>5.603800</td>\n",
       "      <td>7.658364</td>\n",
       "      <td>4.450759</td>\n",
       "      <td>3.600000</td>\n",
       "      <td>4.200000</td>\n",
       "      <td>6.202035</td>\n",
       "      <td>4.600288</td>\n",
       "      <td>3.000014</td>\n",
       "      <td>0.000000</td>\n",
       "    </tr>\n",
       "  </tbody>\n",
       "</table>\n",
       "</div>"
      ],
      "text/plain": [
       "user_id        1         2         3         4         5         6         7   \\\n",
       "user_id                                                                         \n",
       "1        0.000000  5.801514  7.875189  4.715803  3.400000  4.400003  6.400850   \n",
       "2        5.801514  0.000000  5.582463  7.680689  5.300000  4.400005  0.600000   \n",
       "3        7.875189  5.582463  0.000000  8.100007  7.408914  4.912532  5.689450   \n",
       "4        4.715803  7.680689  8.100007  0.000000  7.801255  4.717102  7.873307   \n",
       "5        3.400000  5.300000  7.408914  7.801255  0.000000  4.681464  5.900000   \n",
       "6        4.400003  4.400005  4.912532  4.717102  4.681464  0.000000  4.500135   \n",
       "7        6.400850  0.600000  5.689450  7.873307  5.900000  4.500135  0.000000   \n",
       "8        4.401025  3.400010  6.570254  8.800205  1.900310  5.600019  4.000001   \n",
       "9        3.200085  6.435159  6.820602  3.000101  6.600000  3.401683  6.595259   \n",
       "10       0.301025  5.603800  7.658364  4.450759  3.600000  4.200000  6.202035   \n",
       "\n",
       "user_id        8         9         10  \n",
       "user_id                                \n",
       "1        4.401025  3.200085  0.301025  \n",
       "2        3.400010  6.435159  5.603800  \n",
       "3        6.570254  6.820602  7.658364  \n",
       "4        8.800205  3.000101  4.450759  \n",
       "5        1.900310  6.600000  3.600000  \n",
       "6        5.600019  3.401683  4.200000  \n",
       "7        4.000001  6.595259  6.202035  \n",
       "8        0.000000  7.600000  4.600288  \n",
       "9        7.600000  0.000000  3.000014  \n",
       "10       4.600288  3.000014  0.000000  "
      ]
     },
     "execution_count": 219,
     "metadata": {},
     "output_type": "execute_result"
    }
   ],
   "source": [
    "dm2df(dd10, data[\"user_id\"])"
   ]
  },
  {
   "cell_type": "markdown",
   "metadata": {},
   "source": [
    "As p increases, the value of the distance between objects decreases.\n"
   ]
  },
  {
   "cell_type": "code",
   "execution_count": 220,
   "metadata": {},
   "outputs": [],
   "source": [
    "import matplotlib.pyplot as plt\n",
    "from mpl_toolkits.mplot3d import Axes3D"
   ]
  },
  {
   "cell_type": "code",
   "execution_count": 221,
   "metadata": {},
   "outputs": [
    {
     "data": {
      "text/plain": [
       "<mpl_toolkits.mplot3d.art3d.Path3DCollection at 0x1a4a8e7eb50>"
      ]
     },
     "execution_count": 221,
     "metadata": {},
     "output_type": "execute_result"
    },
    {
     "data": {
